3490206138450784728 2468(55)
6517789695648432402 4506(11)
2991642795865074885 5565(13)
-184510164120882346 5949(25)
-4652636306816446779 517(15)
4474143744962566860 6973(12)
-6004062468336451386 2443(12)
6363362579610291830 3476(12)
437905001205176640 3491(19)
1575249063156919781 7708(24)
-1201813995034360898 5425(13)
-3153351975703341538 2443(11)
-5850450576401295760 5942(13)
-418880421521006710 5168(18) 4144(19)
-5239464234248975135 3363(10)
-4373350540497722950 4506(10)
1852144374237157014 7741(17)
-3633689440023299483 772(13)
7102660293241685442 2339(18)
3939534648682276620 3340(37)
-6838346565962605636 5433(20)
-8537805841752695161 3490(22)
-4301629826420327373 2314(55)
1087374651623414280 1569(51)
6346440123424679711 2443(10)
3020814197597206522 4531(10) 7741(10)
-2400228162893992799 2562(10)
5953150244761763154 2982(12)
3425894876336294306 146(46) 1154(28) 3090(29) 517(27)
7653689661124456269 5563(12)
-388016206584650763 388(131)
4748114614119855347 2852(10)
-1130955254755568689 5426(12) 4531(20) 7996(14)
7615186633721037569 5684(11) 3898(11)
7594102794310849185 5403(12)
-5424088847741262218 443(131)
1023676486755081941 3477(34)
-4669475381804132715 2694(27)
-6007779963547105918 3234(10)
-7836487696017050520 772(24)
3596361093258712835 1154(20)
7864709046436453074 1797(16)
6221206748262738722 1554(12)
-2220463564255134405 5822(13)
5453258558338361420 2694(155)
7010523456881724493 128(11)
-4652267428267489089 3467(31) 2572(64) 2830(61)
7328413498522938236 5433(10)
1232005139270209259 3346(13)
-2503629312561690797 1409(12) 2959(21)
8434211360683629012 3898(29)
-4213731010893450839 3477(13)
-5156526467559975703 2443(13)
4914353073050311491 4525(17)
-2718171251452984541 3338(21)
1053305174517273918 5822(14)
-4643597397168075110 4379(36)
5809082628675886282 8126(16)
5734251015757417197 2694(12)
5196270857871989444 1797(104)
8837821069212961807 3235(13)
3182196429896141779 3209(50)
2993043331004101086 7996(13)
-2991192511203169725 7484(10)
-7010754344653638649 3602(41) 3731(11)
-52471524074609016 4531(28)
-7504671088394494404 5822(17)
1580046342156004764 1541(40) 4229(10) 2694(11) 2314(18)
-1806107973962957478 4525(189)
-2031780263011465154 2185(20) 3338(52) 2314(18) 2572(71) 2830(77)
4896466679322900415 4229(34)
-6651443025747542173 3333(12)
1650960449415004822 1283(12)
-7675622359799560251 2314(51) 4379(16) 2572(84)
-3741953809084998475 4144(17)
4134283279503160293 1409(10)
2648167158043919744 3338(12) 3467(31)
4191521295985012687 5788(217)
7159157130779058791 3467(37)
5026881921493477317 5684(11)
4830335041392926778 5942(156) 5433(307) 5822(714)
5890005841604337122 515(12)
6722076429259492913 2305(36)
-62868448111221338 5283(24)
-6414251608386038886 4506(19)
-4760835733222158812 7708(22)
6518946038105479301 2185(13)
-2908093582527939668 6071(132)
-8505024513805098690 5565(24)
6503842204254102947 5426(10)
-2865404994420680724 1797(15)
-7091273207015664544 4794(21) 3898(14)
-8838319484412950778 5822(47)
-6900556018526415599 6071(11)
-4589397323144007540 3596(20)
-8935803830590934321 7484(11)
-2222954073436047319 7996(14)
-5745043193911210240 3477(39)
-1740302344378565566 5433(14) 7996(17)
-8156206846269514502 3477(14)
-5054435247099520817 772(12)
5502748751837382928 2694(16)
-1591591374949898371 3467(50)
-2691153766186005574 5426(14)
5490973801078525928 2305(15)
3332212288762302353 3209(19)
1476049228638328995 4635(24)
1329238480210075234 517(12) 2443(39) 3467(15)
5447705466844685233 5168(12)
8139839589653615776 4229(35) 2694(71) 4635(22)
-7637249242200628778 2305(24) 772(14)
3097862597745861185 5280(14)
-6461235849013699812 6715(29)
-3350529589186042635 6717(17)
8580090764811540240 2305(16)
-924304604311726291 2950(10)
3560542110390741744 2694(11)
7204274620127189418 4413(16)
3240671159701267663 5684(19)
1476780050374144205 2572(22)
-3345503822034015468 2314(11)
-6168633818704669375 6071(15)
-3514186962525590774 2443(11)
9022158200115601381 3619(131)
-5362692755229088464 4531(15) 5555(18)
-5458510695073144999 4525(11)
-5251475421100372778 3596(36) 2572(16)
-1004216222512768356 2305(11)
1199217190221709638 3491(33)
-2919450357026413938 3879(12)
-8141327137803746680 2443(12)
-8366845325401141667 7996(10)
8336469105476432355 4379(98)
5336078638152161255 1410(16)
2366893690432626425 4413(14)
-8340017049379819222 4402(17)
-8828995830127471744 1283(13) 2187(11)
1487289738684700342 6459(10)
609956480980245246 3075(16)
-2933494921024515433 2468(136)
3339484289943855366 7996(13)
-4761471826725767246 4794(15)
6878668954341276657 7996(13)
-90327669238004752 4660(14)
-6136414370614826775 4229(24)
-9220221862321403330 6973(18)
6756227121607318067 5822(14)
-629667133331909974 2314(521) 4379(57) 2572(141)
-410688875930976688 3490(39)
99677666744153864 3467(29)
-1100754511433538341 2185(10)
3401030504481547291 5433(12)
-1064209836076801356 3644(55)
1833123556279539502 1797(11)
8634874876299344115 1409(23) 4229(111) 1541(141) 3338(32) 2314(53) 4379(45)
6004569514436810895 2694(16)
8133840990999966248 5426(16)
-1554781457188300398 1154(25) 2437(15)
-9082100563527328431 2694(146) 3338(76) 2314(44) 2572(83) 3596(148) 2830(30)
8195727027236306790 4395(10)
-8719995198043729613 7352(21)
-4378156500979491877 7996(12)
-7265946337374676273 5684(11)
6963983678448089695 5280(50)
3853638691874114731 3490(14)
-8644646519334941685 3490(10) 5684(12) 5307(35)
8294959181685638800 3333(15)
-4331935706568965593 1409(24) 2314(36)
-7294118656295329521 2056(82)
-1393054800508398845 4995(19)
-2094364194427217216 6440(13)
-5660986931657239907 3209(35)
-4356406006413316137 3477(22)
-6038226654721821318 6585(30)
-1696239247590890507 1409(13) 2185(12)
-1799971920453275794 4273(11)
-122488774438585131 128(23)
-3739911781285839490 2314(16)
-8933644757949440102 2845(46)
-8826984167471208826 3629(13)
7161045809145847360 1168(20)
164627733733277200 4885(15)
2996462693806030115 2056(78) 4379(82) 2572(153)
-8234224287689796338 2313(18)
5557926432263422638 4660(16)
-6314493234853730096 2572(46)
3623175791526347853 3090(15) 1411(15)
6106881676630137529 4379(23)
4303483704065934867 7996(16)
7798922890874384424 1409(14)
-209919772800362051 4918(21)
-2333187720093918469 1541(28)
-2183248703630688732 772(13)
6781190364691328735 7480(15)
5348962376651300211 2694(16) 3338(28)
3365925016602923376 4635(45)
6161256243960760393 5822(13)
-7482452460916056213 4866(16)
1887778893006621646 1797(18)
-4581263325853314206 5822(12)
6281698159033584265 652(45)
5398929459968311219 5690(16)
379960324667002090 7996(11)
4434710901012700624 5425(10)
6694336900701281418 6441(13)
4065101312486532415 3898(11)
-3500911302825765350 5433(115)
5942485761461254467 2700(10)
-1488793856661541913 5690(24) 7996(72)
-2060431572814373897 4794(11)
-6371772122059823563 7741(16)
6341409416077680267 3467(10)
6866848625364437935 2562(49)
2644673700162618670 5684(10)
4917268151420104581 3490(34)
-3484989204289318236 5022(16)
6642551281927770019 4531(11) 6973(18)
2493669375768900143 2694(21)
6567970385869153454 128(13)
4046753482011194328 4395(54)
-7608373070719621693 3075(13)
1320549738527922249 6071(10)
-8762943456100119027 5433(41)
2665690339117636731 3338(42)
2805255008319994207 3338(11)
6765513401298927883 4660(26) 5822(22)
7887590165114519734 5433(12)
3933748332409998054 4155(11)
4563473070626893684 5819(13)
492622288190203786 3884(15)
5529207651934254910 6973(15)
5231365057728438379 4379(14)
-5142474067575565516 3714(49) 4866(39) 2056(25) 2572(15)
-7600717271216488465 2691(39)
-5294490037170968244 5813(11)
-2371955243114593163 3619(11) 5565(30)
-2450481447061103643 5409(18)
-7161014886418548495 5409(10)
-4521575140299737627 5433(81) 5822(59)
-4757463572368803072 1541(21)
3121387329209754963 7484(15)
5976357186023068036 7741(10)
2992649264842858802 4650(46)
4399311370209716318 772(61) 3467(36)
-1704273885370004839 772(11)
3906331978674514156 4229(11)
7027099624521850337 2314(11)
-5928162109934771640 6561(24)
263980825259527296 2315(25)
6829023859483021336 4413(28)
5728543772217533784 1797(10)
-2157502298773941893 3477(23)
-4042125952376562551 4660(11) 5822(14)
-4448374100150805777 4402(10) 5433(14) 5565(25)
-7519431672199661501 4229(286) 3467(17)
8347839685571868901 772(12)
-5190609806185645538 5942(16) 5433(47) 5822(16)
-8090948877469493147 1797(27) 2314(32)
3615620808948267384 2305(13)
917524581123163370 2056(16)
-635012916192639372 3080(11)
7527955352894737595 4660(153) 5822(10)
-9133162247187406242 5426(34) 5433(53) 5822(1126)
7625636150266397681 5280(52)
2099488859762988564 3467(15)
6258054954401608492 2305(1366) 2694(272)
3490586632120372115 5690(45)
4330709672570588819 3467(15)
-1467960564806155421 7996(29)
8809358476450193930 2572(25)
1388752100720584929 4659(24)
-5077703376929946965 5433(16)
8631334110038205666 4650(22)
4645277768541883837 7474(16)
4282385069214839656 1410(16)
-5683945542723538171 2305(14)
3318080191450720664 1541(20)
-6989431181444730827 3490(12) 5433(161) 5822(342)
5444887877546857115 2694(319) 3338(90) 3467(263) 2830(16)
1824207736077958200 2572(53)
7431137409284331831 4413(26) 5822(1644)
4406556805066759520 2694(49)
3701601815351794501 2305(58)
-8982082393630577597 4506(17)
-1605654337447133234 4531(12) 4660(13) 5822(15)
1636885286097348542 4531(16) 3261(34)
-5598544512807900936 3338(18)
941530441264068491 5169(11)
-248861476419678899 4506(491)
5560432782042784203 2050(10) 2203(13)
8433535104130463843 3490(12)
-6728966165137236076 1541(30)
-1683597772131862075 2056(83)
-3431301391141605045 2329(131)
1388211287689912590 5819(10) 6587(22)
1810621537676574768 7996(12)
2319231681921104482 1409(29)
-8563780126553858772 6973(12)
5455273821841373079 2313(12)
7913151346406314713 6587(11)
2709644067220243927 3339(10)
631208595691724603 5168(33)
-3244252406022135602 3490(122) 3898(26) 4794(22) 5822(88)
-7619704201441750679 1429(15)
4460339710091600565 2305(12)
-3825621211581628184 6973(67) 5822(31)
-1839582424629359219 2305(10)
-3021440176296343324 2718(62)
8476721912631856233 1797(11)
-5351008554737266934 5942(19)
-2257621417668812091 6586(65)
6245271896692726825 4155(11)
-2029811150318286382 6973(19)
-428589278329622449 5554(11)
-181559464597906143 5299(12)
8893785841606821037 4531(10)
878757537764293952 2050(10)
-4673368604000489928 772(14)
8481404670896899013 2459(14)
-3059072147406640557 4531(22)
-5733028488125716168 4866(10) 3090(16)
-7975284480870936828 2443(11) 2572(27) 2830(56)
1709205371149225504 2691(35)
-3766216608023214549 5426(41)
-5875722379253519355 2185(14)
6498516360340766451 5555(66)
-5925696352475398921 5684(21)
-4709471519992473169 4617(16) 2444(15)
-3132096182222080273 4789(10)
-7592730982210145767 3714(11)
8669531460878931070 3459(10)
374734018676036833 1409(28)
160796042871726091 5942(58) 5433(82)
6869064785533654817 3629(55)
4045246824777270886 3209(12)
-3669158476895520011 3467(58) 2443(18)
-669278937653314138 2572(18)
6597433623370887639 6973(12)
7559926113221862285 3491(10)
854806387283169672 3240(17)
2001589642931261027 1283(64) 2056(45) 2443(10)
-157949028517214815 2443(17)
6555711785241508901 2702(17)
1700973760370727174 1797(24)
-2010254610870437221 5690(30)
-8310154103949900046 4531(220) 5433(10)
-2045926601719758741 1436(16)
8335201123250953858 5684(14) 5942(72)
-1195845113294300488 1569(13)
4101319010445542321 6442(12)
-3174157584136399955 5684(15)
7692839422607300170 7996(17)
-5918260169359391177 3474(32)
-4998863581050870490 3333(10)
-3070667727651614372 7996(14)
237087259136439129 5795(22) 5283(58)
8272737671677043671 4144(49) 5426(76) 4531(17) 6071(67)
-7087104545695288911 7480(10)
-4565157392873552644 772(13)
1780182545313817863 5433(14)
-2232569930757712812 1797(16)
2349649666871176854 2443(223)
2011275425788653631 5022(14)
3659858468864116269 772(20)
9003603030809047209 5433(49)
-200196419826752166 5684(125) 5433(245)
-514836436135360159 1436(29)
-1401219307282721727 3498(65) 2718(17)
-6343290460709327077 5425(22)
-7425476307656355426 3477(122)
5967166897635779170 3490(14)
-6086048403056680491 4531(20)
-1247053580767925626 5307(10)
-7911928875871864060 772(10)
774088585458286693 2315(48)
4779278294478496976 3364(13) 1541(17)
-315335938780906398 2443(12)
-3040087166144450703 5942(42) 5433(37)
-6667460053178834806 5942(41) 5433(79)
8433577892673865589 3338(34) 2572(1153) 2830(575)
-4273760227622157008 3338(18)
-8439197721406844455 1154(66)
-9017666415867869536 3338(23)
-7233057962612434434 7996(19)
-1471120114803402678 6973(17)
487840502109369957 4380(24)
5036635244631351690 1410(45)
-522058504943291642 772(108)
5667814517299197827 3467(12)
3613941150508155256 4144(11) 7859(28)
-2855951963639609913 4660(36)
6566851528095809085 5409(17)
-4647191602136963122 1433(23)
-3562931624213588153 5813(10)
-2241875702334864676 6168(14)
8013700345818859328 3603(11)
4601449162897626212 5684(27)
7263267744702787899 5942(11)
2542053989944681427 4531(28)
-5094253281936499933 6585(46)
6270691277931948169 3492(13)
4104459241550914814 2694(12)
2791420542301651685 5433(21)
-1991846199337362590 5942(13) 5433(11) 5822(52)
8197129201017515849 5022(19)
-2261033526829998381 772(13) 2443(39)
-5040415417058739872 1154(17)
2674646166212049906 3476(46)
6604918636167207665 5433(19)
-2131691620197114873 5529(12)
4801947914317391430 5426(10)
-3248000375909842142 4531(202)
8310558319603755097 1541(11) 2056(10) 4506(11)
3173496026787600917 772(12)
-3524315468268320894 7468(20) 3884(24)
1923163031544796375 3209(82)
-5958160717578973090 772(17)
-7355799533807297847 3338(10)
-2446806372450333350 2562(46) 1541(12)
6096320548273261175 5684(92) 3898(108)
2431997956352938200 4229(10) 1541(43) 4379(14)
-6892629946018239868 4402(47)
-2241691831007503512 2694(42)
-3101672108464215400 7996(40)
-3075536233098305660 5037(46)
6270916246228858200 3714(32)
6388879126909801656 2056(15)
-6177553679775639486 3346(22) 3714(91)
9137359046442619740 2572(12)
8641937269724993736 2179(10)
4647574730758106104 7484(18) 4413(18)
-2256698536054083421 4787(13) 6459(22)
-2939656324161462730 2959(46)
616072274430696909 6691(10)
-8335026783190477575 4508(73)
6045619874070446067 5563(28)
1132641437772622485 2305(10)
-6266430413897598629 4525(72)
-8676478832847164294 2694(94)
8594295696766639844 1797(10)
-4374728959111358428 1409(18)
8730208686313770032 4660(12)
-4387801166889647367 772(14)
7604528291453347253 772(15)
2932014904022191976 3338(19)
8983497290330132717 2830(23)
-7935660510907064745 5433(23)
7762520204557339926 5297(78) 6585(13) 4155(20) 6459(31)
-715127971775014116 4121(635) 2329(25)
1946972457664589476 6585(11)
-5591875914916880050 2694(103) 3596(14) 2830(19)
-4282271987643579875 4660(21)
6817548825675752287 4995(29)
-4886217937984935683 2562(10)
7404551989697631586 2305(41)
-852887292726084061 772(18)
5655037429216584243 265(11)
-800442369309666037 4413(20)
-6021624298013540213 772(31)
6958036962825159631 1797(11)
2736672979022693189 1154(17)
-6279062277808657354 4531(10)
-7737953722623753658 5555(34) 7996(566)
4401096389766396618 7996(13)
8857188320252232569 6071(16)
-5373880115099330301 4395(23)
3796585259613870487 7480(16)
-8286474389864297852 3596(16)
-4018980019637502311 4144(82)
3275005580428129167 5813(25) 6587(16)
4027115756766873831 2572(16) 3596(24)
-4713855933566867552 4525(10)
-3594375609620707600 5282(12)
8730734665018469954 6973(20)
748567023617250216 5822(10)
-8786525024987444061 4249(15)
-2623224827825303226 7613(11)
3471071852975075997 5813(11)
-3886347951166669950 7996(11)
-9023994638799687305 3622(11)
-393675330072766836 3467(33) 2830(16)
3246202773097184818 1429(29)
4273699925948831765 772(62)
-2700292217655653637 6973(63)
7524758047433505734 1554(54)
8473349031385590631 2694(19) 3467(10)
8911876145003740671 772(10)
-2654948949771430528 4525(19)
8560896655300901581 2314(14)
-8497649327384631028 6973(11)
-6351459872576396861 4402(14)
-3434944316109214572 517(29)
-3277140690597734421 3620(29)
-1971175538616682219 4629(22)
-8065605772976489252 4379(10)
8828753238235994485 4379(13)
9048070062728379938 7996(14)
-3643703608209695210 5942(10) 5433(30)
-7604019051855217847 4660(38)
-6739887772063768024 3476(14)
7597988655631009689 6587(22)
-7262947719183844544 4506(189)
2065896462950031534 1409(13)
-3051476896400081992 3490(41) 3898(56) 4155(12)
-2465553590401630193 5425(104)
-8421746258156475439 772(106)
5781015240926709895 146(18)
-6085902434161460006 3363(14)
-863488630108185198 3338(14)
7698458941066492223 6973(51)
8558380437036145074 5426(11)
-2106582509466173814 3477(23)
-7326988636077565416 4866(12)
5352755659965004541 2699(10)
622858738824391586 7996(23)
465449505566851898 4413(11)
-3720683466833410805 5168(10)
-777942120724927377 5433(15)
-4302502398186873366 2314(11)
-2626979451759540186 3467(14)
2727794202758817495 2315(131)
1387890663973364632 6441(29)
5003357142207106080 5924(46)
7948198265327529202 1411(19)
-7918117056356453799 6459(89) 4155(11) 3629(17)
-3143619234480096315 1797(10)
2267509776070108784 5433(12)
6785854544115490088 4531(13)
-772877930004757808 4522(24)
40299728258897739 4531(30) 5433(12)
4641239960967305817 6071(23) 5307(10)
-6922561159105412249 3209(52) 2443(18)
-7241412664324998046 1797(10)
6625824378570810696 7996(16)
3878380589427396962 3498(17)
658456814580837427 6973(11)
-7572014098712372999 7996(23)
-5012128361149606227 3474(13)
6456608323575728867 2830(11)
2565177001368093421 4229(10)
2564000554255664806 3596(100)
1858196648728744336 5942(85) 5433(325) 3898(15)
4870473270469748282 4923(12)
6697254642555038335 1429(13)
6382349168918646563 5426(11) 7996(14)
-1234604796105144095 6717(16)
6446446231388630747 3490(28)
-4005884464612965416 5555(37)
370517305073972520 6441(10)
2227623788361498051 3620(14) 6585(59) 5433(130)
-6314320647544994021 3338(35)
3697725501660795074 7833(51)
7932406832508713951 6585(13) 5822(58)
2006779948379724419 3338(14)
1225254265486179353 1409(130) 2056(14)
1796947514293033987 4635(18)
-7829579085814524219 5168(32)
1951178664491544416 5168(14)
-1800650707657306441 5555(24) 4531(29)
5046778975945000560 6441(13)
-2367504706190636410 4629(217)
1348751661171118385 3490(19)
1045368540507713143 6185(15)
-7275987923109732252 2694(56)
8555221688850005890 5412(80)
-5372511143932424789 3209(10)
3113589348115681030 2443(12)
7726046488304660562 4413(16)
2156670106285611516 2562(11)
-7585383681709135089 772(90)
-1781028397675325951 772(22) 2056(18) 2443(48)
-1162812241676265328 4144(30) 7741(11)
-2342247181426414995 1409(23)
-8217437722558536930 3629(53)
-2339621118005843015 772(19)
-2900293509310985472 1797(15)
6027743286690828043 2202(13)
-7444118775588928541 3467(12)
4659732522781898771 3620(113) 3492(32) 5433(46) 6585(24)
-4547946251479955831 4229(18)
-5480490269958423246 7996(10)
-8813168348074035159 3459(12)
-7445823672614465960 2203(16)
6671556294532647197 1797(38)
5125565065983165574 7684(11)
4674369597986262747 772(28)
-1577646144980323601 2855(14) 6717(15)
-5380738790419139281 4531(69)
-7663529937388656347 7741(11)
-499809973679349231 2830(12)
-7709769151359453326 3596(19) 2830(41)
-3622386158226385608 3898(10)
4329767700754820348 5433(479)
7783043825996903693 6715(14)
8050241737485824127 3474(13)
-4147644852523916402 5426(14)
8069899901637204738 5555(128) 7996(196)
-5682446232691742969 2718(11)
6783129964926979360 4393(36)
-5106784615637125545 2337(13)
-9133857926867587139 1409(12) 3714(49)
-1824494856605828543 2305(80) 1541(11) 2437(19)
6161257520706156769 772(13)
-754442957319161999 4506(10)
9025467507522494389 533(11)
5240655892782751829 5813(10)
-505662512748946012 5426(11)
-2918792947850078094 2694(21)
-4170668958828265438 3620(15)
-70757177185183751 5426(37) 2329(48) 7996(12)
-8379313047245472875 5519(28)
-5097840866176445249 3234(13)
-6302504464312138949 6973(18)
908051159670790390 4531(12)
-3228245748394539757 1154(22)
-3756750890112368566 1154(15) 4229(15)
2103234009974016392 5690(10)
8122520067325638903 3338(18)
7248553165370264411 3492(14) 5822(13)
-6827884517488078981 5684(31)
8767019880141535916 2830(13)
5170246654220408055 772(11)
9213405955669746071 5283(30)
-458003152689301124 1541(80)
-1721658951911705672 3596(14) 2830(23)
-5167979180347692969 5798(13) 4006(10)
-5381499614071073421 3467(13)
-4440484770592997397 4402(32) 4794(14)
-6150195300457762820 5927(35)
-359580741164274041 772(10)
598161620951838583 3363(11)
-3244035469667955159 1797(11)
-8617276274334806531 3596(17)
5137919431529959947 3629(14) 6717(21)
4175323751706461821 4379(35)
2224811532788050492 2305(14) 2443(21)
-5810563057533166458 2694(20)
3346181910333670019 2305(13)
2421073306742371350 3467(27)
-3091713302902980376 5555(12)
-6206764313371521613 5412(32)
-6205693514204400144 2437(15)
19341934830206662 7996(11)
-539467571972979653 7739(11)
1055552515566776473 2694(10)
1771929489712977938 4629(41)
2401289736927117813 5168(15) 3362(20) 6717(11)
-812580470303754742 1541(76)
-5605187687801683428 772(15)
-6286856747893729243 2572(14)
-8306380444186721534 5538(15)
5931287148621117783 6071(10) 6585(22)
-1107897534985432651 3339(11)
8696647284191284289 3477(13)
-8754686111698685201 2305(36) 772(23)
6390442297816322067 3725(13)
1982424217663316811 4507(10)
-5505597520649239444 3475(18)
-4759726499907207091 2443(146)
7147740405831271372 4402(17)
-790905501122515337 1409(45)
-2539892209163509033 3209(14) 2443(14)
-8256781819290289798 5822(10)
8701391134427382611 4866(18) 2694(33) 2314(14) 2830(28)
-4588398770659203656 3467(11)
1856510284612847215 2305(28) 3467(32) 2572(11)
7049587258617487173 5814(11)
4340686735373235000 3467(12)
-7138586735729426736 3363(17)
3991539817285591207 1411(10)
8092081056944672102 772(62)
7457053472257117347 5022(10)
4216728325571369756 772(15)
5539094866543774654 6717(22)
4509039248843037276 5555(22)
736768273881711885 3885(12)
4738069594443854632 7996(15)
6462058436982674173 4531(25) 5433(33)
-146257454504700072 7996(34)
6676677593063670796 3476(13)
7292309588174800051 4402(61) 4660(15)
5290627315234684538 4794(32)
2291811457727736897 4650(18)
2383682827518644305 5433(10)
-6616434628438059545 4866(17)
-331932504586793412 2313(29)
3080309351886985835 2831(14)
-8958902644095767263 5168(13) 5433(33)
-6905329456616980368 3629(10)
8654568145639268366 3467(16)
-681932376293539177 6071(17)
-7413243099535110721 4242(52)
-8836351877214354882 5426(16)
-3515987400297671990 3989(25)
-9128686407122547881 4525(483)
-8702547507613500478 1409(13)
823372842996058930 3492(13)
5004500104324138542 3476(22)
5895041670721388989 4379(13)
-5229989330233204311 1409(12) 3346(22) 1542(18)
5064611128615548325 3338(10)
-5982914373802284319 6973(23)
-5056014380245558689 4413(16)
2609056622747770608 3492(11)
5250868319748698890 772(40)
7433365838105637705 1154(13)
-2903935392153312266 5555(70) 7741(354)
3669835095741202545 4525(10)
4428699221683770198 1540(12)
-7854873678840142304 4866(12)
-2193681073743259134 5555(11)
5236841514627958548 3983(16)
4911578664673399469 1797(15)
1726684966725709585 3854(21)
5740136381401674928 6071(19)
7486763996666735818 2694(1999) 3467(797) 2443(31) 2572(65) 3725(30) 2830(22)
526579280165557598 4413(27)
5231172588695149277 3854(12)
2265317635591182387 5168(22) 5942(200) 5433(30)
1914429549299790071 2694(12)
-5258078230916620397 1541(20) 4379(11)
-460422348570641968 1168(19)
4374720187421764545 4531(149) 5433(42) 3261(102)
-496859005317155456 388(14)
7232511113777679212 4789(52)
1071815331125168052 1797(10)
-52145592165386405 4249(15)
8354279514966577614 3477(11)
-9208449303429618871 1541(16) 3333(16)
1463426207937240816 2339(29)
-9190420306933405067 2572(13)
-188803749327270965 3467(23)
6104522284420049927 772(23)
4816762896389235086 4229(65)
-6630621166816182135 5307(10)
-4184504291742300069 4402(12) 5565(16)
7696564877859027748 2959(39)
-5242625495341076477 443(14)
3836337438117786083 3490(14) 6459(12)
4732215947800817419 5433(64)
-4736817088998091695 2331(11)
-1414709964047763376 7996(20)
-1676680105954626427 2305(22) 2056(411) 2830(45)
-5809655817173422554 2444(24)
-7856151311979449676 772(30)
8067344265930589626 772(19) 2314(10)
8632951161275152189 2056(22)
-4948510757099355269 4498(16) 4229(13)
1712251131703609381 6587(24)
-7539767936379323859 7996(14)
2682985232323066234 4794(10)
-7504466385693766872 5168(21) 5555(17)
-5830545837214484848 5555(77) 4531(15)
2178348196708537232 6699(46)
5966638944855135514 1797(38)
4605166061083380152 4524(11)
-8810205271910773729 2305(11)
-1126809752572283899 517(16)
-1579688192381758696 7996(18)
-3379458008641821328 5690(24)
8914701540892096044 5022(37)
5920316149009903227 2694(15)
-6018625022268108664 5168(23)
-2648227391004419931 3467(12)
-3780252297868681704 4885(44) 3596(83) 2572(25)
-6766921947315935237 4531(116) 5433(83)
249236903717660882 5425(12)
6577487887343842738 7996(25)
-1724808911941819865 6717(10)
2856181960501689235 3333(112) 2443(16)
-4609496574889804366 3629(22)
8159790026896091531 4522(10)
4221087476579812880 5426(18)
-3962923502480686855 4379(17)
3879386701037124360 5684(75) 5813(23) 6459(106) 5822(71)
-2772861812448448414 4379(54)
-7762568440226632793 6459(11)
-3757549395243090423 4629(14)
-6137349660869359860 5822(10)
5152323864736796542 2305(15)
-8455847126394373745 6973(12)
3615368151510513104 4506(24)
7435567109900856282 2694(11)
-5961020335501266310 3620(11)
2477501446761126821 2562(24)
6579227820346149923 4794(23)
-5385403924516402247 1409(11) 2830(10)
-7877956257022437293 772(36)
-6691792852005510763 6587(28)
16731073510377119 2056(10)
-3646520852316222999 1541(12)
8264867530144082529 3629(29)
997328133753440561 3854(35)
543610167171530582 5942(29)
-6253900320476044335 4413(14)
5672725072281790534 2443(12)
-2671519645203461239 6441(11)
-8399713264562774258 2443(23)
1001044729377535483 3338(29)
1163953249771813772 2694(483)
-5243781475285726994 6973(12)
-1335924228732632106 7484(15)
-1080428057395096034 4660(11)
5253290352222092310 3467(34)
5833815014574480432 1797(23) 3467(41)
4490215281414140909 1541(55) 4229(58) 4379(44)
8961590719236405996 1154(11)
2756980759701623755 1797(88)
-4429493007285244109 6718(46)
-7976115881734832613 4413(14)
4886219420184579186 2694(329) 2056(660) 3725(18)
-6362383299659396359 5297(17) 4918(11) 5565(33)
5219826520433362164 2313(16) 2315(22)
747071888992677127 5819(23)
-338050486252400894 5433(18)
-39749613520251675 5684(11)
-3918159344875098523 4402(721) 4794(12) 5822(59)
1854289826737779110 2314(11)
-8883249058347445173 2694(18)
-5406969375005720073 772(29)
-3569040150684967799 5299(10)
-440137930605026724 2185(19)
-3506702141316303329 4637(11)
2774866230401203501 5403(104)
1732720375369036171 2339(11)
7087304364959935178 5168(41) 4660(12)
8373828288273835936 7996(12)
4928309330761776587 4918(13)
3388020075950569197 2056(12) 3209(11)
5450837077677416694 1542(20)
-5389322381648105767 4531(137) 7741(55)
3631268193207370307 3338(11) 2572(21) 3596(58)
-6990224198841533150 4402(14)
3505470372390462091 772(15)
-603356863591333995 5690(11)
-8345755525424221553 4651(11)
5661597311708093547 3490(23)
-2244530814628846102 2339(18)
8404831096320809043 2694(20)
1506225507729930653 6698(11)
-3729023823555111976 4629(11)
-4244958434123912754 5822(43)
3723395262461519555 3620(29)
-8915899677588836262 2305(296) 2443(582) 2572(223) 2830(18)
-2157909952622688260 1409(55) 3338(37)
-5321675421952137393 2443(87)
-1259730087740437019 4498(11) 4229(16) 3467(39)
1561160015306474685 4531(26)
2347511405439882533 5684(27) 3629(31)
-7138531575677417065 3725(12)
6483482829573405297 2726(20)
538791582813578678 1575(21)
4445823254217266447 1410(11)
796318577134473026 3477(29)
-3731313909475351688 3618(11)
2499144251950402713 256(32)
-1992454891053706072 3333(178) 2694(46)
4720177219541517710 2694(12)
5785226655493599006 3898(28)
5779206200057597057 4144(13) 5297(10)
-6569486449338696607 5280(348)
6868651123856297988 3338(10) 3467(12)
798654202872959805 3498(12)
484732717288811991 3492(15)
2567758566306542605 3491(28)
-5244685787496237292 5555(53)
-2887786568840062594 2443(15)
2318188412563277855 6586(11)
178109969183343447 7996(10)
-4364050045330914030 5690(16)
-228596706565258112 7484(27)
6459920620684540951 3620(19)
5744955290511695904 3474(11)
-5825847643365994176 6071(59) 5433(67)
-3860890288589201511 4379(13)
-4978651797070454133 772(11)
-2832096665437214448 5813(15) 6071(15) 6717(20) 5822(88)
-206617339826219832 3619(49)
-7286379344090859039 3467(13)
-4286470179643543596 4531(19)
-3598556728115442022 3714(23)
-8158718133558879136 4923(12)
2313868696507218368 2572(58)
-1849268065111390972 5690(18) 4413(48) 5822(25)
1149064800522433830 2691(15)
-2206856969121822362 2305(30) 2694(20)
-2528418967653909107 3620(10)
6848260818307431942 5822(51)
-4274832039327989021 2056(12)
-1883915329706191140 5426(30)
-7544499942648878105 2959(11)
3461112467527153205 5822(21)
2121768295226638442 4402(52) 5433(11) 7741(16)
7898251919258617017 5822(12)
-5665203644336123259 2951(15)
8615973186589921746 4531(36)
5644709058786064285 4531(54)
-7117108679768073530 517(27)
-6567103634104521865 5297(12)
2924377090782157933 6055(19)
-1102787378073090674 5037(10)
5644539527547333331 3234(12)
-5804546660311031442 6585(18) 6586(20)
-3288849863332959909 6717(11)
-1857257073690006642 772(14)
2506287445735209268 1541(16)
-397830253867441752 7354(16)
-7354633445413817633 1409(14) 2179(18) 2959(10)
-6921159420904028568 5433(12)
-5072896421199303906 4789(15) 5690(14)
-4398930165746732251 772(15)
3285653761101504835 772(222) 2443(126)
1129214013287316053 2562(29)
6223961683753581031 3459(21)
6485412333525471230 772(11) 2056(36) 2959(15)
1390260247138036740 4660(10)
-4796339619377052299 2572(27)
8536223417799510060 7741(15)
6059724763751886760 3209(12)
-6861696203360368811 7996(16)
-3687686472890381288 6973(38)
6088258624521788576 5538(52)
-7601378970368747240 5822(13)
3064434259493039474 7996(10)
-7388576044363589504 3898(38)
3547576292534814215 2314(20)
-1336244058605146061 5565(115)
5367615148164163943 5412(13)
-7029891446290686736 3898(28)
-5158757407632837065 3467(11)
-6077702391462954230 4402(24)
6784860677367518492 5426(13)
-4327126083416939251 4395(13)
8431421663365240463 7996(11)
-9192953299714346521 5565(28)
4500054750266026356 6587(33)
7367095187709160795 517(19)
-1775201453045707239 2314(17)
-7037727760928917954 5433(103)
-3350915777748892616 1409(11)
-1458502948071164278 5426(15)
-7112340094079292110 3467(22)
-3213015773403381879 7352(11)
-7239042451163306666 2702(11)
-7912424321123324031 4506(16)
7281907532904784715 2572(27)
-6360203237775825312 3338(11)
6271604537267626830 1410(14) 515(23)
-2213289009159753082 3629(10)
1762896847627507249 2049(10) 2056(14)
1015633293869133142 7996(16)
-6370604273091284590 5684(100)
3089223653107591545 3467(12)
5445820282484444084 4506(10)
1341848076176231170 5813(38) 5942(65) 5433(437) 5822(38)
-639437183901916857 2313(11)
-2916603806579988012 1541(52)
3861968625523057377 2305(21)
-5139704973803285194 2694(612) 2443(18)
2350041590028098334 772(14)
-6831438457437921804 4531(10) 5942(19)
793512648513267369 2305(10)
9086132865581873419 2724(10)
3034296905570017065 2185(14) 3467(22)
7191252372035103419 3459(10)
-1039421984581511866 2332(12)
-6550537628511516098 1541(16)
-8233036815407986705 4229(11)
-4014920129591457366 5425(17)
5653675470943643227 4531(12)
-5723038366251237524 3467(202)
6512316980909458486 3492(12)
-5361329569317869144 2056(11) 3338(22)
3370387602091596944 5795(11)
7416409178835945480 3345(13)
-6765253213966379921 7996(10)
-3934853923322578266 3476(28) 3477(10)
6799427418876961242 7996(80)
-763863024711977003 5684(10)
-2006365510685561596 3490(13)
-8063330136652262380 3885(12)
-3497050734485184040 5927(21)
254869261892412215 1797(22)
-3894095211753661029 2694(15)
6527429520981282909 6585(29)
-1816767362248762822 5942(16) 5433(105) 5822(18)
-4033333500235218012 4629(192)
5355040246563775835 1797(28)
604732174961121144 2314(13)
-8740049753055717290 2314(15)
5047669905092391486 2185(20)
-7134337849983824979 4229(24)
3044325410225849046 6587(21)
6362950538910702645 5822(42)
9178148316904783290 6973(11)
-3717329717741488388 4413(14)
3450408520378767227 2572(25)
1202968132208811929 4498(12)
1675436469166686272 3088(17)
-7834082526166688223 1554(11)
1184433322659778332 5690(60) 4794(16)
6078060118315097919 6973(25)
6578581668732461 7085(17)
4395174801057298626 5426(93) 5555(20) 7996(58)
2527362987779969429 4525(148)
-8972517040014137318 4531(18)
3974456587526004762 5426(125)
-6717657509906323086 3714(63) 2572(18)
-618329070006838080 2701(15)
4070831821143968128 3333(34) 2694(32)
643228432863847512 1434(11)
1731089499526313170 2313(11)
-3453253258998866830 3338(1232) 2314(244) 2443(71) 3467(24) 3596(1687) 2572(214) 2830(18)
-8910214341255363511 5942(12) 5433(64)
-1833705805757048229 7613(12)
414555016953232917 1797(25)
2009692791684800295 3338(14)
-8996818854876372512 2694(93)
-1237644444062614852 3467(220)
-683544579167148060 7741(12)
-42191043120048251 772(31) 2443(32)
-4404518220994009549 3075(17)
-8578732837413783240 772(123)
-81489225788922200 4402(15)
-2748043211288704704 3492(55)
8097405673310282171 3476(13)
6400092486464369084 5409(41)
108960667564266688 3476(15)
5402533364362276423 2443(13) 3596(89)
172026989714637174 5426(47) 4402(15)
-3939139065958472894 6587(14)
3977741057749686428 4794(13)
-5810658367145266428 1409(14)
5189881866284245651 3898(11)
5046573666627905705 4525(25)
-1846264232606478042 5942(11)
-2440718680740613283 4229(36) 3338(22) 3467(98)
-4165157663209303173 1797(169) 3467(268)
7348568036975110411 7859(11)
-1054774698764170918 4866(13)
1342651952825716012 2694(25)
-2218822591937889640 5433(10)
-7046390594963387396 3862(12)
-5191357179131619811 2202(22)
-7411036579136979551 2337(32)
-8154100604632979871 772(17)
2449364956982183845 6973(27)
3202655164441385692 3621(11)
7919677355979907876 1541(11)
3915203274555169608 1429(15)
1095619561713036052 1411(25)
-1673027793991806180 7859(18)
-261465316851957120 6585(11)
5185657828138604675 1409(12) 1541(19) 3983(17)
-4775779914916652972 772(13) 3861(29)
8981141940503873788 2315(35)
-3587393048113577431 2305(11)
1765380456409486433 4229(11)
6730401052351013867 5813(43) 5942(27) 6071(48) 5690(153) 3898(62) 6717(53) 4413(25)
4916807869144744939 1542(15)
-4462386507788197805 3363(10)
-5701857786468122725 3878(15)
-5822333827978532305 5047(39)
4321403831858711496 2185(15)
8414980640482778096 4508(15)
-7263549328519988372 6585(12)
-6992757621138689789 4531(496) 3261(79)
-503885962930374956 3491(15)
-6010761911571913194 3898(78)
8098796618818463375 772(17)
5878648588698826322 4525(15)
6870340330889355566 5297(10) 4402(30) 4531(108) 5684(18) 5942(97)
-8374171020340018304 3467(11)
6039710004831479429 7996(18)
7969801331504399610 5812(16)
907555218278011547 1429(45)
-8976265355663619082 3490(14)
-536495456047976349 2305(14)
694669803852981526 2830(26)
3453894939378048181 5297(12) 3362(21)
5613743350685595496 6585(12)
3739985885396747543 3596(13)
2608888469135517521 2694(18)
4257387502240697576 3476(14)
8925935501049100567 2185(23) 3338(28) 3467(11)
2492547726179084265 5433(10)
-2535824017952787755 3209(46)
389983943644067081 2314(19) 2572(29)
6534645118884141457 902(10)
3703638601475431136 1541(429) 3333(16) 4629(54) 3209(65)
-6536858931866431003 3596(24) 2572(18)
1611880511679310684 5433(22) 6973(43)
2420348387398103215 5927(12)
5662190065653099634 5425(18)
3009817344305142763 5168(18) 3490(17)
-8346376061603223818 3459(10)
-4313557801114212119 5690(39)
8290025340081238590 1541(43)
-3631852240400930404 2179(11)
8902278307269101881 515(34) 1565(15)
-8853095499608600709 1050(17)
-2436380998722924807 5690(41)
-7862243086529170136 4629(10)
3033973133620127904 5282(19)
-5663409559940890177 3863(12)
-3288064936304575984 6459(69) 5565(55)
293589983301213139 5690(12)
-3768723066560360960 5822(15)
6120621392824833059 6973(33)
-8558973810921726257 4660(22)
-5339161840031362575 4384(10)
2026657795031116900 5822(15)
5172344761045781110 2314(39)
7269889172540234335 7996(15)
-5962265328782521965 5819(15)
9055900565580674972 5433(15)
-1430988175492712165 3338(46)
4654195151332939553 1797(22)
5951143351912424574 6973(40)
8311915680062864237 1539(21)
2476647494751266487 4379(13)
-1064078438877932406 3490(15) 5822(26)
1224555591047984467 5177(12)
-4500186216085295963 4524(10)
2633244666725112552 3209(11)
6128928996901155733 7741(30)
-388224437472714326 7480(16)
-6977526331343479822 3338(10)
7990913543080355000 1797(12)
-1051940427191924064 4402(1772) 3898(28) 4794(21) 5822(164)
-5670716201234204323 4531(23)
-4600713737182492530 2572(10)
3794373892642240356 3477(55)
-3806902057776501048 4379(10)
3876364673809376162 7996(10)
-7364904129818902036 5684(16)
1729771060598756383 4413(26)
-2941799828402714271 2694(61)
-934241461698530853 4660(104) 6586(15)
-5201218107220351428 3467(10)
220647485013706068 1541(32)
-4135194185425721873 7484(10)
-385253319041667326 5822(47)
7352699692398332419 3620(16)
-2749644413997436805 6587(22)
-8384657302612922043 2694(21)
7100456175720024270 1154(40)
-7303899632879277007 6055(29)
7520270323222155610 2562(14)
8997136242543974379 2203(14)
4352649478695240024 772(19)
-2788165303691745848 4789(42)
-8827711090321165575 2444(29)
5106073778382763758 1410(12)
2114664014592408960 7996(10)
6706821494566014612 6717(56)
-3658392897068822804 1541(22)
-1274068822518851330 1942(27)
5569662998224009785 2305(10)
6685551187142050768 3620(45) 3898(26)
2451648295908018514 2056(25) 2572(49) 2830(14)
-6391494467922102477 1429(16)
-3697793845724818988 3363(37)
3592111795232666437 4144(20) 4531(13)
735605265871228806 1283(17) 1429(10)
-9054459522348463276 1154(39) 2050(148) 4229(13)
-6885138279453186470 2694(18)
-496715458863962788 3490(22)
1407523093959985450 772(22)
1848355399258491456 652(28)
-6501705637722202624 5433(23)
3394183032351363058 5565(44) 6718(13)
-7784536589914614573 4402(26) 5942(10) 3898(15)
-720767539370263922 5433(13)
-8842233388230849853 3477(12)
-3792336632728632039 2305(94)
-4226527852108670346 5280(65)
1329901206492476547 5684(14)
3094920297852154435 6434(46)
8210349695463949868 3491(10)
-9069484630615381172 3467(23)
937274897761935909 4229(35) 2185(231) 3338(29) 3467(417)
7129279933948111621 2700(24)
-1724899396756970662 1409(14)
4346911460939522406 2694(12)
3154622811150687267 4394(13)
-3200487255627410085 5427(80)
-5600420656737163292 6441(40)
8284356394121681522 5433(12)
-946624860908382499 5942(38) 5433(19)
-4584643204609166815 6586(18)
-2522646747450052683 772(46)
-2251637794683459714 3363(13)
-6438208360098945917 4506(16)
-3247607613049664396 5690(21)
9179982765831573503 7484(16)
-6626504826710279093 1410(10)
2947077800680161040 3898(11)
7044977221829150980 2959(11)
-2750820014582965213 3209(34) 2572(10) 2830(10)
-8233154663309774118 2572(10)
-6636434447067848586 2572(13)
4515553937730206920 2959(23)
4169258336977500908 3490(24)
-7957532121151773589 1409(14) 2959(38)
-3511854883300000877 3490(12)
-4694953085122520938 772(12)
5545988557788319406 6973(11)
-483092733872404722 4531(189)
-2571524835377301630 3346(16)
-2593456334029487552 3209(25)
715207070466533534 4794(14)
-8382105370445676322 3491(54)
1695749631907328414 7996(39)
-3867059462193230106 4525(20)
-3124999547265426247 1797(21)
7006459263401240068 2443(13)
5722723698687243543 4660(15)
-3943332963673215970 4402(23)
-4168348321364386056 2313(12)
-4207593204881100692 1409(24)
-1022446846242291268 4402(11)
-8840566494939938784 7708(29)
-6240116781384789898 2305(15) 4229(13) 2694(52)
-8506028781315968706 7996(22)
5482245370476595028 1154(11) 3333(52)
6812258650676483606 7996(10)
2970284814238076764 1283(10)
2120667501970009988 772(10)
-4124852912372555534 5403(10)
6948189240928886368 5433(12)
856186441640504979 5282(23)
-1278713520491567815 6973(32)
-5477570411502341217 4144(11) 5168(12) 3491(18)
3504541009277028142 6973(19)
9198925921913174447 2694(10)
-3625661971408211936 7484(30)
-6038995011598771560 6717(10)
-3782886055279255157 3596(10)
3394053791889733217 4144(46) 4402(36)
7016353685086312658 3492(10)
4271677078449284077 4402(14)
6402127132950386323 652(11)
3205439877562846727 4629(18)
-8108865752645628856 4402(35)
-7195707533976211290 6586(58)
-4148419416964427032 4007(27)
-1453083222976491384 2185(13)
1197601102767570374 5555(20)
6937356201456509903 2562(16)
-8706469552418889540 1541(16)
4480029739381234608 5433(13)
-7185037204415796659 4144(18) 3362(18) 5684(27)
5501272416224353221 256(23)
2361540453121705570 1409(22)
4315264983078265774 5690(10)
3911597741094309294 4539(10)
2367969675640412668 4273(30) 7725(16)
-8186128044220984963 2305(12) 2056(20) 3338(16)
8641750754854496573 3619(16)
-9150933422282366030 3216(10)
-1158878821052077669 4539(16)
-7201271536697594321 3595(13)
-3603522766324606265 4660(36)
1201801811829200292 1409(16) 4379(14) 2959(75)
7465983418499727164 5684(86) 5822(66)
2784139698325312126 6440(15)
4831176879235283449 512(12)
-4994137985865981389 5942(11)
-7853172218495368731 3898(55) 4794(107)
-194316538348516661 1541(11)
-7144268880370259842 5555(10)
-7836709626625942246 3885(16)
1743187681105163324 4249(40)
-8439957535979330845 6718(10)
5055542349523130170 2694(10)
-2306873232270954409 6973(46)
-1284810684567770953 4531(73) 5433(44) 4413(223) 3261(1021)
-8507746708806934890 2830(10)
1523252815955045450 1409(10)
-3476323901781363297 3363(15)
5065205317500216962 7996(15)
7384442922744420820 3467(32)
-432858706938398719 3467(13)
-189534185674712021 1154(46)
8675737834247160413 7996(27)
-7260955525086052480 7996(21)
718797341202001244 3477(19)
-6720126696940153780 2185(11)
-6418113016977372322 4121(17)
17865492979078715 2185(11)
-2862177596693961039 4918(18)
-8542948837609723671 2959(11)
3953845549409560353 7996(14)
2770198858665283236 772(16)
-4770983950256155800 2329(38) 7996(18)
-6459671887672475125 5412(12)
-3829500248062668658 7613(16)
-1455029472309799949 3477(15)
5116843214116799626 3477(32)
-250220054770529574 5813(38)
-1007104539772841270 4273(13)
-5158659879446599099 3209(17)
-8121905543027148806 2694(39)
972301836655527002 5433(15)
-4639085797608201640 3075(12)
2245562503679961452 772(24)
4280360970275529412 6440(29)
7047168219001557891 4522(16)
6417811916688632483 5433(10)
-4886696325394973250 5022(36) 2718(39)
7775035437292722947 772(22)
1109944437698052524 3467(10)
-2700658273551701690 2437(67)
-6197419881392983673 5409(18)
1435236760097653524 2694(14)
4565076129587955896 5822(17)
-3112060159524745721 3467(30)
7687604412093664088 3644(41)
8347376341569087602 6586(14)
-6088945713692984137 5297(13) 4531(18)
-8292987470934976156 6585(40)
8617707266392886657 2305(113) 2694(19) 2056(56)
3659000562228736498 1541(65)
-6875568421221967756 6973(12)
6274991685323399156 2572(24)
9176201716032780019 3477(18)
-3918534298989178723 3333(11) 2694(10)
-5086886197765532796 1433(13)
8824316614205267188 2719(12)
8171814168241276537 3983(38)
5929551499297815553 2203(12)
-4582282435704202315 3475(115)
-3461049623369929968 5822(12)
-7187261110539526475 2305(14)
-920789043868466657 7996(31)
-1523629157889283380 1409(24)
4400708729517689969 2718(35)
8958528650342117398 6586(27)
-536698832578976937 772(16)
-8529667069990504032 1541(13)
3382615540023409229 6587(24)
-3079301810678518888 772(11)
7244211428147001586 5427(32)
-8011773337681360799 1410(12)
2799612036320125675 3477(16)
-3467516930338943861 2358(12)
-8554793346104970121 6071(32)
-3644859864471827746 4508(15)
4697395298882718145 2313(25)
-235431457200960843 2700(62)
589576852300905727 2572(14)
-1713627681860786308 3620(11)
1054914631061856931 4508(15)
2664740680841396075 6587(10)
-8321973581892542357 1541(14)
6737003467528793771 5145(82)
-6309139396162547822 5433(12) 5822(10)
7100768087048457550 5942(13)
3679584037487171014 1409(50) 1410(25)
3283141694458852097 6586(42)
7212915937876892289 7996(61)
-6440175483075037600 2056(40)
-6359501251264070191 3467(15)
3837208376867965199 7996(10)
-696906336907417981 2444(11)
2749104090561169293 7996(19)
-6268917160175816731 2443(10)
1911058460723370521 3339(14)
-2115693614034208928 2179(10)
6830068261110388623 4506(149)
497174734404377509 4506(10)
2170693756149383514 5684(11)
6425732443361427990 7608(20)
8902233352838702941 7996(12)
-6755265202057454538 3209(54)
403408618795798660 5297(22) 4402(540) 4531(2955) 4660(3499) 5942(24) 5822(709)
-3383997782081146326 2694(346)
-3149804207914653371 7996(101)
3177937393383921403 1410(10)
-6762757984221450434 5280(10)
7467387327363335659 4402(239) 4531(10) 5942(66)
-5845817714173529533 3476(19)
-1115891015692262027 3491(12) 5822(10)
3110640973172237820 4787(10) 7613(12)
9206689076364398410 7996(15)
3349825963176488301 5684(24)
3125693292248801279 5813(10)
4621123694776722660 772(16)
5975636275037921327 5168(13)
-5901088362469205747 2339(25) 5690(12)
7033542464703256927 4506(10)
7841691999673291707 3490(16)
-7731706414840927426 4144(23) 5426(24)
5106739707317952655 1409(14)
1231278792528988688 4402(127) 4794(10)
4488047086567645108 1409(21)
334954733363718108 772(16)
-6447543042387059258 5426(16)
-1945158474433374510 6587(12)
4217128359485337806 2694(44)
-1892672601688058454 5690(36)
6906687599491306975 772(42)
-5807990868609927647 4413(15)
7345069262150644120 3731(131)
-2651466017122083054 4629(12)
-8182514181164078728 1154(13)
-4304990310752188398 3232(10)
-3014753757355915951 2314(14)
-9164357563424265939 5690(11)
-4171621911824643357 1409(11)
-5179469703457729387 7996(10)
8331595725338085483 1569(65)
-3896429378342327909 6071(19) 6717(101)
-5873167750122057236 3498(13)
-350000580741322666 3619(13)
4255859234329094484 2305(11)
5420715709646100222 5822(36)
-4527058364872325286 2845(35) 4637(10)
3128129410889560604 2443(34)
-3243635236967082840 3338(15)
7893680278843227300 6691(18)
1828343911499711716 772(16)
-7914751346712619822 5022(21)
4310703340289633971 4506(25)
-3654787090602237666 5022(11)
7336175380067319440 5307(12)
369362930637954539 3602(55)
6159823996532764479 5942(29)
3444591526659900580 6586(11)
-3109232558785264141 6289(11)
-6173704179628009091 2305(34) 2694(25)
6396099603431480663 1797(19)
5974537283275472119 3209(348)
-4743783921286259679 3459(23)
-8491728699013984657 2203(33)
6409862214955275559 5433(12)
8118735653492275537 4152(17)
-3126974593970661875 5168(10)
940087703075337690 3490(32)
1056681857976214879 7484(19)
933073870198253418 5425(32)
7202304222923880328 1539(29)
3585502374167141269 3596(16)
5440574663020220746 5942(18)
6594777310717196084 3338(10)
-4959769834288822333 3492(24)
-7531912402014170567 4531(45)
2272318653963144271 7996(18)
1771656643920615011 7996(13)
3841882555213072291 3490(18)
-114792793064927761 772(34)
-1930683170199749441 3498(14)
6679626458873041465 5403(22)
-5989254507726474873 517(39)
-9062875826806750458 3235(89)
5004270793468542449 5565(18)
-5818516423189783390 5684(32)
4507672884496402662 6586(24)
-2612649275004178619 6973(39)
27903148810886610 1409(15)
8856414755502892124 4531(41) 3629(223)
781225786241202805 6587(13)
6320443126543108969 2056(12)
8283470586296600424 2694(30)
6827301884189001298 6330(12)
-8600384825874290412 389(10)
53857871595586606 6459(15)
6427381829033870129 2328(11)
954482039198874086 4506(20)